47 47 47 47 47 47 47 47 47 47 47 47 47 47 47 47 47 47 47 47 47 47 47 47 47 47 47 47 47 47 47 47 47 47 47 47 47 47 47 47 47 47 47 47 47 47 47 47 47 47 
47 47 47 47 47 47 47 47 47 47 47 47 47 47 47 47 47 47 47 47 47 47 47 47 47 47 47 47 47 47 47 47 47 47 47 47 47 47 47 47 47 47 47 47 47 47 47 47 47 47 
47 47 47 47 47 47 47 47 47 47 47 47 47 47 47 47 47 47 47 47 47 47 47 47 47 47 47 47 47 47 47 47 47 47 47 47 47 47 47 47 47 47 47 47 47 47 47 47 47 47 
47 47 47 47 47 47 47 47 47 47 47 47 47 47 47 47 47 47 47 47 47 47 47 47 47 47 47 47 47 47 47 47 47 47 47 47 47 47 47 47 47 47 47 47 47 47 47 47 47 47 
47 47 47 47 47 47 47 47 47 47 47 47 47 47 47 47 47 47 47 47 47 47 47 47 47 47 47 47 47 47 47 47 47 47 47 47 47 47 47 47 47 47 47 47 47 47 47 47 47 47 
47 47 47 47 47 47 47 47 47 47 47 47 47 47 47 47 47 47 47 47 47 47 47 47 47 47 47 47 47 47 47 47 47 47 47 47 47 47 47 47 47 47 47 47 47 47 47 47 47 47 
47 47 47 47 47 47 47 3 3 3 3 3 3 3 3 3 3 3 3 3 3 3 3 3 3 3 3 3 3 3 3 3 3 3 3 3 3 3 3 3 3 3 3 47 47 47 47 47 47 47 
47 47 47 47 47 47 47 3 44 46 3 3 3 3 3 3 3 3 3 3 3 3 3 3 3 3 3 3 3 3 3 3 3 3 3 3 3 3 3 3 3 3 3 47 47 47 47 47 47 47 
47 47 47 47 47 47 47 3 46 46 3 3 3 3 3 46 46 46 46 46 46 3 3 3 3 3 3 3 3 3 3 46 46 46 46 46 46 3 3 3 3 3 3 47 47 47 47 47 47 47 
47 47 47 47 47 47 47 3 3 46 3 3 3 3 46 46 46 46 46 46 46 46 3 3 3 3 3 3 3 3 46 46 46 46 3 3 46 3 3 3 3 3 3 47 47 47 47 47 47 47 
47 47 47 47 47 47 47 3 3 46 46 46 46 46 46 46 46 46 46 46 46 46 3 3 3 3 46 46 46 46 46 46 46 3 3 3 46 46 3 3 3 3 3 47 47 47 47 47 47 47 
47 47 47 47 47 47 47 3 3 3 3 3 3 3 46 46 46 46 46 46 46 46 3 3 3 46 46 46 46 46 46 46 3 3 3 3 3 46 3 3 3 3 3 47 47 47 47 47 47 47 
47 47 47 47 47 47 47 3 3 3 3 3 3 3 3 46 46 46 46 46 46 3 3 3 46 46 46 46 46 46 3 3 3 3 3 3 3 46 46 3 3 3 3 47 47 47 47 47 47 47 
47 47 47 47 47 47 47 3 3 3 3 3 3 3 3 3 3 3 46 3 3 3 3 46 46 46 46 3 3 3 3 3 3 3 3 3 46 46 46 46 3 3 3 47 47 47 47 47 47 47 
47 47 47 47 47 47 47 3 3 3 3 3 3 3 3 3 3 3 46 3 3 3 46 46 46 3 3 3 3 3 3 3 3 3 3 46 46 46 46 46 3 3 3 47 47 47 47 47 47 47 
47 47 47 47 47 47 47 3 3 3 3 3 3 3 3 46 46 46 46 46 3 3 46 46 46 3 3 46 3 3 3 3 3 3 3 46 46 46 46 46 46 3 3 47 47 47 47 47 47 47 
47 47 47 47 47 47 47 3 3 3 3 3 3 46 46 46 3 46 46 46 3 3 46 3 3 3 3 46 3 3 3 3 3 3 46 46 46 46 46 46 46 3 3 47 47 47 47 47 47 47 
47 47 47 47 47 47 47 3 46 46 3 3 3 3 3 3 3 3 46 3 3 3 46 3 3 46 46 46 46 46 3 3 46 46 46 3 3 46 46 46 3 3 3 47 47 47 47 47 47 47 
47 47 47 47 47 47 47 3 46 46 46 46 46 3 3 3 3 3 46 3 3 3 46 3 3 46 46 46 46 46 3 46 46 3 3 3 3 3 46 3 3 3 3 47 47 47 47 47 47 47 
47 47 47 47 47 47 47 3 46 46 46 46 46 3 3 3 3 3 46 3 3 3 46 3 3 46 46 46 46 46 46 46 3 3 3 3 3 3 46 3 3 3 3 47 47 47 47 47 47 47 
47 47 47 47 47 47 47 3 46 46 46 46 46 3 3 3 3 3 46 3 3 3 46 3 3 3 46 46 46 46 3 3 3 3 3 3 3 3 46 3 3 3 3 47 47 47 47 47 47 47 
47 47 47 47 47 47 47 3 46 46 46 46 46 3 3 3 3 3 46 3 3 3 46 46 3 3 3 3 3 3 3 3 3 3 3 3 3 3 46 3 3 3 3 47 47 47 47 47 47 47 
47 47 47 47 47 47 47 3 3 3 46 3 3 3 3 3 3 3 46 3 46 46 46 46 3 3 3 3 3 3 3 3 3 3 3 3 3 3 46 3 3 3 3 47 47 47 47 47 47 47 
47 47 47 47 47 47 47 3 3 3 46 3 3 3 3 3 3 3 46 3 3 3 3 3 3 3 3 3 3 3 3 3 3 3 3 3 3 46 46 46 46 3 3 47 47 47 47 47 47 47 
47 47 47 47 47 47 47 3 3 3 46 3 3 3 46 46 46 46 46 46 46 46 3 3 3 3 3 3 3 3 3 3 3 3 46 46 46 46 46 46 46 3 3 47 47 47 47 47 47 47 
47 47 47 47 47 47 47 3 3 3 46 3 3 46 46 46 46 46 46 46 46 46 46 3 3 3 3 3 3 3 3 3 46 46 46 46 46 46 46 46 46 3 3 47 47 47 47 47 47 47 
47 47 47 47 47 47 47 3 3 3 46 46 46 46 46 46 46 46 46 46 46 46 46 3 3 3 3 3 3 3 3 3 46 46 46 46 46 46 46 46 46 3 3 47 47 47 47 47 47 47 
47 47 47 47 47 47 47 3 3 3 46 46 46 46 46 46 46 46 46 46 46 46 46 3 3 3 3 3 3 3 3 3 46 46 46 46 46 46 46 46 46 3 3 47 47 47 47 47 47 47 
47 47 47 47 47 47 47 3 3 3 3 3 3 3 46 46 46 46 46 46 46 46 46 46 46 46 46 46 46 46 46 46 46 46 46 46 46 3 3 46 46 3 3 47 47 47 47 47 47 47 
47 47 47 47 47 47 47 3 3 3 3 3 3 3 3 3 3 46 46 3 3 3 3 3 3 3 46 3 3 3 3 3 46 46 46 3 3 3 3 46 46 3 3 47 47 47 47 47 47 47 
47 47 47 47 47 47 47 3 3 3 3 3 3 3 3 3 3 46 46 3 3 3 3 3 3 3 46 3 3 3 3 3 3 3 3 3 3 3 46 46 46 3 3 47 47 47 47 47 47 47 
47 47 47 47 47 47 47 3 3 3 3 3 3 3 3 3 3 46 46 3 3 3 3 3 3 3 46 3 3 3 3 3 3 3 3 3 3 3 3 46 46 3 3 47 47 47 47 47 47 47 
47 47 47 47 47 47 47 3 3 3 3 3 3 3 3 3 3 46 46 3 3 3 3 3 3 3 46 3 3 3 3 3 3 3 3 3 3 3 3 3 3 3 3 47 47 47 47 47 47 47 
47 47 47 47 47 47 47 3 3 3 3 3 3 3 3 3 3 46 46 3 3 3 3 3 3 46 46 46 3 3 3 3 3 3 3 3 3 3 3 3 3 3 3 47 47 47 47 47 47 47 
47 47 47 47 47 47 47 3 3 3 3 3 3 3 3 3 3 46 46 3 3 3 3 3 3 46 46 46 3 3 3 3 3 3 3 3 3 3 3 3 3 3 3 47 47 47 47 47 47 47 
47 47 47 47 47 47 47 3 3 3 3 3 3 3 3 46 46 46 46 46 46 3 3 3 3 3 3 3 3 3 3 3 3 3 3 3 3 3 3 3 3 3 3 47 47 47 47 47 47 47 
47 47 47 47 47 47 47 3 3 3 3 3 3 3 3 46 46 46 46 46 46 3 3 3 3 3 3 3 3 3 3 3 3 3 3 3 3 3 3 3 3 3 3 47 47 47 47 47 47 47 
47 47 47 47 47 47 47 3 3 46 46 46 46 46 46 46 46 46 46 46 46 3 3 3 3 3 3 3 3 3 3 3 3 3 3 3 46 46 46 46 46 3 3 47 47 47 47 47 47 47 
47 47 47 47 47 47 47 3 3 46 3 3 3 3 3 46 46 46 46 46 46 3 3 3 3 3 3 3 3 3 3 3 46 46 46 46 46 46 3 3 46 3 3 47 47 47 47 47 47 47 
47 47 47 47 47 47 47 3 3 46 3 3 3 3 3 46 46 46 46 46 46 3 3 3 3 3 3 3 3 3 3 46 46 46 46 46 46 3 3 3 46 3 3 47 47 47 47 47 47 47 
47 47 47 47 47 47 47 3 46 46 46 3 3 3 3 46 46 46 46 46 46 46 46 46 46 46 46 46 46 46 46 46 46 46 46 46 46 3 3 3 46 3 3 47 47 47 47 47 47 47 
47 47 47 47 47 47 47 3 46 45 46 3 3 3 3 3 3 3 3 3 3 3 3 3 3 3 3 3 3 3 3 3 46 46 46 46 46 3 3 3 46 3 3 47 47 47 47 47 47 47 
47 47 47 47 47 47 47 3 46 46 46 3 3 3 3 3 3 3 3 3 3 3 3 3 3 3 3 3 3 3 3 3 3 3 3 3 3 3 3 3 3 3 3 47 47 47 47 47 47 47 
47 47 47 47 47 47 47 3 3 3 3 3 3 3 3 3 3 3 3 3 3 3 3 3 3 3 3 3 3 3 3 3 3 3 3 3 3 3 3 3 3 3 3 47 47 47 47 47 47 47 
47 47 47 47 47 47 47 47 47 47 47 47 47 47 47 47 47 47 47 47 47 47 47 47 47 47 47 47 47 47 47 47 47 47 47 47 47 47 47 47 47 47 47 47 47 47 47 47 47 47 
47 47 47 47 47 47 47 47 47 47 47 47 47 47 47 47 47 47 47 47 47 47 47 47 47 47 47 47 47 47 47 47 47 47 47 47 47 47 47 47 47 47 47 47 47 47 47 47 47 47 
47 47 47 47 47 47 47 47 47 47 47 47 47 47 47 47 47 47 47 47 47 47 47 47 47 47 47 47 47 47 47 47 47 47 47 47 47 47 47 47 47 47 47 47 47 47 47 47 47 47 
3 3 3 3 3 3 3 3 3 3 3 3 3 3 3 3 3 3 3 3 3 3 3 3 3 3 3 3 3 3 3 3 3 3 3 3 3 3 3 3 3 3 3 3 3 3 3 3 3 3  47 47 47 47 47 47 47 47 47 47 47 47 47 47 47 47 47 
47 47 47 47 47 47 47 47 47 47 47 47 47 47 47 47 47 47 47 47 47 47 47 47 47 47 47 47 47 47 47 47 47 47 47 47 47 47 47 47 47 47 47 47 47 47 47 47 47 47 
3  3  47 47 47 47 47 47 47 47 47 47 47 47 47 47 47 47 47 47 47 47 47 47 47 47 47 47 47 47 47 47 47 47 47 47 47 47 47 47 47 47 47 47 47 47 47 47 47 47 
